plavix--21-_jpeg.rf.bdd1a4245d5259c7e049fe337ec7070c.jpg 579,31,787,127,5
nitromak-1--9-_jpeg.rf.b1efe0fc4d19b0a855238b5b3d62557c.jpg 365,26,596,105,4
whole_presc-1--11-_jpeg.rf.ad920b70ac072a09b61431760c6c3b06.jpg 340,489,484,560,5 378,421,510,481,1 424,360,507,414,2 345,274,509,332,4 383,196,514,253,3
nitromak-1--7-_jpeg.rf.b6586bdafa81ef0b2c7f33e1ddacce93.jpg 0,10,150,65,4
nitromak-1--18-_jpeg.rf.af2b197702ce792984cc2e6672df36d8.jpg 18,51,324,127,4
plavix--8-_jpeg.rf.b2bf239e688de1913ac9da0233577bfc.jpg 57,2,167,66,5
nitromak-1--13-_jpeg.rf.b29e375ef75b0d13f58f2ee33bbb734f.jpg 143,40,363,117,4
whole_presc-1--14-_jpeg.rf.b18e397c6aebe6c097cf1bca3dac9fc9.jpg 307,295,485,391,5 347,437,713,527,0 345,593,575,681,3 335,739,565,819,2 341,905,623,985,4
ator1--27-_jpeg.rf.b2674a328082fa87eac9afb943460e9b.jpg 204,0,333,75,2
aspocid1--6-_jpeg.rf.abf58d30aaa6322de02fc000e7fd2cbd.jpg 194,11,493,77,1
ator1--28-_jpeg.rf.bc9fd6eb6d651a971436619287d80dc0.jpg 36,21,221,94,2
ator1--16-_jpeg.rf.adbd263ea07b05ab57643b405b289f9e.jpg 18,4,185,73,2
ator1--4-_jpeg.rf.b77e699ac491829c45736ca41fc28a89.jpg 272,47,398,102,2
nitromak-1--18-_jpeg.rf.adf308ce74d4233572fb0dba19c6b1fe.jpg 18,51,324,127,4
whole_presc-1--7-_jpeg.rf.b6802c55dad502512914719fd91209e9.jpg 314,133,504,206,2 387,786,592,861,5 315,631,547,716,1 252,469,507,557,4 331,274,524,359,3
concor1--1-_jpeg.rf.aee45f2d5949348c56d5a54e5c5fa072.jpg 150,21,418,111,3
nitromak-1--6-_jpeg.rf.ae01337334488fac8cf7e6f911a21ff4.jpg 29,19,212,83,4
ator1--25-_jpeg.rf.b962feb61425bff968b4d7f3791f6678.jpg 328,20,503,92,2
aspocid1--8-_jpeg.rf.bc9e8068a4e78025801be0c6ae659285.jpg 155,33,563,100,1
whole_presc-1--25-_jpeg.rf.b2c2e731d7264e6b37c33801fe44a11d.jpg 157,391,349,483,1 169,491,341,565,5 179,567,359,641,2 181,649,419,725,4 193,731,345,823,3
whole_presc-1--24-_jpeg.rf.ac636d025f67ab9475e9de8805c7101f.jpg 144,427,297,525,5 146,580,341,663,1 139,698,316,763,2 131,808,378,891,4 127,938,287,1019,3
whole_presc-1--6-_jpeg.rf.bc5c79666cf04837171b6f4376829a68.jpg 281,410,596,475,0 264,507,429,577,5 262,605,395,662,2 296,702,543,757,4 182,848,327,896,3
aspocid1--4-_jpeg.rf.b60decbf93c197c776a8b9b1edee1c25.jpg 111,34,527,97,1
ator1--29-_jpeg.rf.b54a1f5e8e16590a72d0cda2c33b4b2b.jpg 308,37,433,99,2
nitromak-1--8-_jpeg.rf.abb90998f7b45687564040d46642c7e8.jpg 7,27,198,105,4
plavix--24-_jpeg.rf.be3f48df397919ac4214b259858b3ebe.jpg 156,26,516,169,5
aspocid1--1-_jpeg.rf.be759425f34f8e777e90eda4faf3142d.jpg 124,20,453,92,1
aspocid1--20-_jpeg.rf.bf81b6fff27d69dcc6f0128caba240ca.jpg 263,14,563,124,1
nitromak-1--14-_jpeg.rf.c22fa71b33554312470dbdd1235e1c20.jpg 9,9,225,87,4
whole_presc-1--23-_jpeg.rf.c1c161c3ab75e833711e0e3744204a5a.jpg 86,236,223,286,1 88,335,202,407,3 102,440,259,507,4 105,545,224,604,5
plavix--2-_jpeg.rf.c13130ccc073d2e6aa4cfcbbbcf74e6a.jpg 465,40,586,120,5
concor1--23-_jpeg.rf.bea13ca1f97cbb96ed10cb7f0067aeb1.jpg 401,70,589,145,3
aspocid1--17-_jpeg.rf.c170f1dd77bba1e2444b2badc3d0c122.jpg 313,58,576,104,1
nitromak-1--8-_jpeg.rf.c38ab18b9afd2445a000b4f790664a7e.jpg 293,9,484,87,4
aspocid1--14-_jpeg.rf.cb8b8d3c9cbea3ae4c04fe39a42ac0dc.jpg 204,12,418,67,1
aspocid1--10-_jpeg.rf.c24e92985cebfe517b0752811ff3c980.jpg 326,51,665,137,1
concor1--2-_jpeg.rf.cb42472cd9750dc2e57ebe7be304aea5.jpg 21,7,138,52,3
aspocid1--15-_jpeg.rf.c29ae27df98a31eff2c88a7fc87916a6.jpg 59,36,263,88,1
nitromak-1--3-_jpeg.rf.c9e54f2e3425b91be4653da9a112b78d.jpg 286,76,492,133,4
concor1--6-_jpeg.rf.cca35d9533a11fc1bee937e1485ee703.jpg 134,22,247,84,3
ator1--7-_jpeg.rf.c656d57e68d746b7698ee6bbccf21826.jpg 236,49,384,108,2
whole_presc-1--19-_jpeg.rf.c12f23398fd1fe2e91884c1ebae2df1e.jpg 403,319,547,363,5 347,245,554,305,1 440,193,551,244,2 399,150,552,198,4 377,97,550,157,3
whole_presc-1--29-_jpeg.rf.c9d3b9a45999a14f1fdbef6f4addcaf9.jpg 595,821,815,898,1 619,720,799,793,5 662,626,797,713,2 534,532,787,605,4 615,435,775,503,3
whole_presc-1--29-_jpeg.rf.c4220e1a18e70bb69f30e8024e64cae0.jpg 81,350,301,427,1 97,455,277,528,5 99,535,234,622,2 109,643,362,716,4 121,745,281,813,3
concor1--27-_jpeg.rf.ca3ca777e1aab2f7d134d76a5a3ac6a2.jpg 151,86,414,171,3
plavix--15-_jpeg.rf.cc063bc6bb5f6cdcc52487898de11a3a.jpg 65,15,179,62,5
whole_presc-1--5-_jpeg.rf.d1a8c13b67f8cbb2b97e152da305c332.jpg 465,748,602,836,5 450,677,600,744,1 512,592,619,665,2 473,534,620,592,4 498,442,633,512,3
concor1--24-_jpeg.rf.cdc6fff93162320a264a473f7408f15b.jpg 523,55,670,115,3
aspocid1--1-_jpeg.rf.d17461c10b9f74ad7ceb7bf0252000d5.jpg 124,20,453,92,1
whole_presc-1--21-_jpeg.rf.cc2dc84b765262d535d45021d2d83908.jpg 68,130,178,193,5 53,228,153,285,1 65,319,212,377,4 72,410,174,457,3
nitromak-1--11-_jpeg.rf.cdf80afb199ee5ad4e135e4d7ce65f94.jpg 84,4,296,69,4
nitromak-1--15-_jpeg.rf.cce8d58b4bd43d25b867317fdc99ec5e.jpg 7,3,159,39,4
ator1--4-_jpeg.rf.ccd10e8b1846022b563b8d5251328afa.jpg 53,7,179,62,2
ator1--5-_jpeg.rf.d1da6685b4c6920283a08c184acee4d2.jpg 29,8,159,82,2
aspocid1--19-_jpeg.rf.d4c95438ee225a54443bd3cd82017908.jpg 167,27,624,131,1
ator1--19-_jpeg.rf.d00df85432fa215ff627bf50cb475d5f.jpg 10,0,86,69,2
whole_presc-1--19-_jpeg.rf.d195c3bede453eb1c11efcd5e6241de1.jpg 403,319,547,363,5 347,245,554,305,1 440,193,551,244,2 399,150,552,198,4 377,97,550,157,3
ator1--5-_jpeg.rf.c407c9f34dea6a768dd03f30d348d053.jpg 29,8,159,82,2
concor1--27-_jpeg.rf.cdaf94063825b4a780f420957cd4c87e.jpg 151,86,414,171,3
ator1--21-_jpeg.rf.d519e594fb02c6d007abc6c6aaf7be2a.jpg 22,5,195,83,2
concor1--2-_jpeg.rf.d5cedd50c55e64ecd238c84164332c01.jpg 21,7,138,52,3
concor1--25-_jpeg.rf.d8ca97384370a8e4ad38398219ef32a9.jpg 107,24,245,98,3
whole_presc-1--25-_jpeg.rf.d78c2edff974f3fa7fa4cd36611ab2c1.jpg 157,391,349,483,1 169,491,341,565,5 179,567,359,641,2 181,649,419,725,4 193,731,345,823,3
plavix--24-_jpeg.rf.cb31bc15170edb982e9aa6f871738221.jpg 156,26,516,169,5
concor1--28-_jpeg.rf.d3f50d9401b97747974cec1fed9f84a3.jpg 280,52,483,137,3
aspocid-22--4-_jpeg.rf.d74c950695c9bc4a6e005ee6e46a7998.jpg 112,19,524,98,1
aspocid1--19-_jpeg.rf.ce9883fa46f10d2ecd333a618f0ff6c8.jpg 167,27,624,131,1
aspocid-22--3-_jpeg.rf.d9d5493056a635744df8c0429d20294a.jpg 163,32,540,127,1
aspocid1--12-_jpeg.rf.d1f1c02b2869f74bd9397f1689b739cb.jpg 141,1,543,94,1
plavix--4-_jpeg.rf.da5cdcf439482ec504fe463882126838.jpg 392,75,573,164,5
nitromak-1--27-_jpeg.rf.dd64752203e662384c7eadeeaec7cc54.jpg 206,30,365,85,4
ator1--28-_jpeg.rf.df3638904261e9cb0826c3d56b56bb12.jpg 356,31,541,104,2
plavix--25-_jpeg.rf.dba0c9307a2aac6fd1c2bfe8246dd999.jpg 173,12,415,98,5
whole_presc-1--8-_jpeg.rf.dcd63018381ddcc064cba90865d0470b.jpg 147,189,445,277,4 105,821,491,943,0 261,649,511,747,5 247,483,497,597,2 295,313,509,403,3
concor1--18-_jpeg.rf.df8efe0c3b6b22860f1b64e9d01aff21.jpg 17,76,114,116,3
aspocid-22--4-_jpeg.rf.e1595f01e48595a146ab749672f9a356.jpg 128,47,540,126,1
ator1--2-_jpeg.rf.dd5aea7c9ed860431162a136caf2c888.jpg 88,44,215,102,2
ator1--7-_jpeg.rf.dc41065ef1e051ce60bb5c8b7ae0f19f.jpg 6,4,154,63,2
whole_presc-1--32-_jpeg.rf.d7f89677e4a652a5940e8b9aadaffc4f.jpg 358,587,536,673,5 325,504,541,564,1 403,395,553,465,2 347,264,576,326,4 405,148,571,207,3
ator1--10-_jpeg.rf.e34ec3443d70bbeab4252d579b41855b.jpg 54,13,233,89,2
ator1--19-_jpeg.rf.e1a8d4c59332f74a790be33608125b6f.jpg 152,3,229,71,2
ator1--29-_jpeg.rf.e14927930c1b0e8cb3e2896ea7598729.jpg 308,37,433,99,2
nitromak-1--9-_jpeg.rf.e1228b4fa16d6ecdb217409069b28bb1.jpg 67,0,297,80,4
nitromak-1--11-_jpeg.rf.e1de0c53e6b68c8b5c2203d91c1b5a3a.jpg 189,40,401,105,4
plavix--13-_jpeg.rf.de1dd875ff958c06debfebcd2030268c.jpg 371,22,570,110,5
nitromak-1--29-_jpeg.rf.da5e2261dad388b95741a5f288b2eddc.jpg 61,12,450,133,4
whole_presc-1--3-_jpeg.rf.e2fdb0557c2f5ba1661961fe8ec0ccd1.jpg 624,1003,877,1105,5 620,841,893,926,1 674,703,886,790,2 592,516,877,613,4 607,232,824,360,3
plavix--4-_jpeg.rf.e7031b06b74ba765b2951e63bcfcccc8.jpg 392,75,573,164,5
whole_presc-1--1-_jpeg.rf.e26c86aa289363f4e2292278e3011ede.jpg 151,925,441,1079,2 192,210,675,342,0 196,365,513,495,5 201,537,478,644,3 142,705,594,833,4
aspocid-22--5-_jpeg.rf.e51a29ed0a1c2598bcf6e361211638e8.jpg 90,34,346,104,0
aspocid-22--2-_jpeg.rf.d754f27cba8a94c9b2e33ab49cac59a3.jpg 161,11,694,120,1
ator1--12-_jpeg.rf.e6bd57de7f45e210f18d9ef695d727d9.jpg 191,7,465,77,2
concor1--7-_jpeg.rf.e4764c63bef57d38c77318751c3b8990.jpg 0,4,93,53,3
aspocid1--13-_jpeg.rf.d9ecb28159a299464d1d849a7f2bbfbe.jpg 6,6,177,65,1
concor1--17-_jpeg.rf.e8abd7a011d32e78fb92d727417e0e88.jpg 33,0,231,68,3
aspocid1--8-_jpeg.rf.e535a981282d845b9273a5468bbd8834.jpg 155,33,563,100,1
whole_presc-1--20-_jpeg.rf.dc8a11332883ea96cc2ea95178d23023.jpg 277,447,490,514,5 272,363,490,432,1 383,274,517,350,2 304,214,522,272,4 318,150,513,200,3
ator1--11-_jpeg.rf.dff37b5e55f1f931f4a164da523c95db.jpg 148,22,404,103,2
nitromak-1--28-_jpeg.rf.e5074eb70b316c8921cf98689cea0eb4.jpg 31,24,260,82,4
plavix--16-_jpeg.rf.e7723eb053d6e6211926b0f8cf3b332a.jpg 110,20,234,77,5
nitromak-1--12-_jpeg.rf.e8da74faf5daf35d935493d2ae405771.jpg 81,5,307,76,4
ator1--13-_jpeg.rf.eaa91e0b38d73139412049ee916d1d33.jpg 14,7,196,71,2
ator1--3-_jpeg.rf.ede532b7c83ec7072f7a66c1ef3ec182.jpg 257,26,429,102,2
plavix--23-_jpeg.rf.e454fa731c31686993198e17c83faedb.jpg 217,5,351,77,5
nitromak-1--7-_jpeg.rf.efacef6c879f617c36eca1c5680cc804.jpg 344,19,493,75,4
aspocid1--20-_jpeg.rf.eefe2f07579224fa870a9c1ad7d08d63.jpg 263,14,563,124,1
ator1--3-_jpeg.rf.ec3b440eb57ea06582fa31f67e5769cf.jpg 12,4,184,80,2
ator1--14-_jpeg.rf.ec32d280956270b9a8dc957415326e26.jpg 71,37,256,120,2
concor1--18-_jpeg.rf.ef6c9a0350cbed0db44b93012e9d0510.jpg 17,76,114,116,3
aspocid1--15-_jpeg.rf.eeed30dec878b61b4dc2680ac62a3ed6.jpg 53,2,257,54,1
aspocid1--20-_jpeg.rf.f20e38666dd2dcd0d0cdea1221b36cde.jpg 6,26,306,136,1
ator1--2-_jpeg.rf.f423787a2ab88703129a0cf096dd3740.jpg 41,14,168,72,2
aspocid-22--2-_jpeg.rf.e8f2a3696424ec89f010ae804a993ee2.jpg 95,49,628,158,1
aspocid-22--3-_jpeg.rf.f1e7bb0716fb5268fb1b252266b281d5.jpg 163,32,540,127,1
concor1--24-_jpeg.rf.f7a54c50d78d8362dff855b89a7c2977.jpg 523,55,670,115,3
plavix--4-_jpeg.rf.f642b4be89ef7e201ed2f7400f1d4a15.jpg 392,75,573,164,5
whole_presc-1--25-_jpeg.rf.f627014c0a116e6668bd711530e0ad03.jpg 157,391,349,483,1 169,491,341,565,5 179,567,359,641,2 181,649,419,725,4 193,731,345,823,3
aspocid1--4-_jpeg.rf.f42d47ba5063b4dfb54f59524ddfccd8.jpg 111,34,527,97,1
whole_presc-1--27-_jpeg.rf.e227fdda0887ccd112c10d6304c9d209.jpg 414,659,594,757,5 377,589,572,672,1 421,522,599,593,2 299,469,519,530,4 409,363,555,436,3
ator1--4-_jpeg.rf.f0c75cd6d6ce82ae981eb82dbd307719.jpg 53,7,179,62,2
aspocid1--5-_jpeg.rf.f8ca0cfae6a082f1bfcb6e937ba9b7e1.jpg 260,0,557,86,0
concor1--1-_jpeg.rf.f9876ea06c01f4efc80930591501dd51.jpg 150,21,418,111,3
aspocid1--6-_jpeg.rf.fc327534a2363a091c4fed9b56f308af.jpg 194,11,493,77,1
ator1--24-_jpeg.rf.fcc8296f58dcb32b87e76f34ab116bcf.jpg 102,32,233,107,2
whole_presc-1--22-_jpeg.rf.faf878502618d80668a9cb919e1a7be6.jpg 98,229,331,328,5 108,359,372,457,1 95,475,285,558,2 105,581,419,661,4 93,704,279,790,3
whole_presc-1--1-_jpeg.rf.fd084db64a79f3005ae5a3d7403ad2fe.jpg 151,925,441,1079,2 192,210,675,342,0 196,365,513,495,5 201,537,478,644,3 142,705,594,833,4
ator1--23-_jpeg.rf.fc483d1a6e9e21d3b1171821f8254702.jpg 156,32,294,108,2
ator1--14-_jpeg.rf.f95b51a5f4c5968e303e4ac7a3e7b461.jpg 61,4,246,87,2
nitromak-1--13-_jpeg.rf.fb9b110baefef557f92da856341ee339.jpg 143,40,363,117,4
nitromak-1--21-_jpeg.rf.fd3235fc9c8d2c7bacf31c04f53f4a04.jpg 13,4,236,71,4
whole_presc-1--31-_jpeg.rf.03792117e52e4f40e448c5d1e0b1b049.jpg 143,579,369,646,0 246,468,376,538,5 246,339,390,408,2 239,231,400,291,4 270,124,396,195,3
whole_presc-1--29-_jpeg.rf.056ca94218b317ed61fdf4192389ce04.jpg 81,350,301,427,1 97,455,277,528,5 99,535,234,622,2 109,643,362,716,4 121,745,281,813,3
nitromak-1--22-_jpeg.rf.013fcbcceae16c2f0adba61f13c7f243.jpg 33,0,257,86,4
aspocid-22--2-_jpeg.rf.006373399e1434bcd88a7a74250ee066.jpg 161,11,694,120,1
ator1--28-_jpeg.rf.00f41b14d0b32e5f8b1fe72dec4e9c00.jpg 356,31,541,104,2
nitromak-1--7-_jpeg.rf.058f5763ff2c31787ca06c5154b317b3.jpg 0,10,150,65,4
concor1--19-_jpeg.rf.061304b2f166fdf21cccb20e21d4a831.jpg 27,31,168,108,3
concor1--19-_jpeg.rf.009a6a9e504fb35e46c0263241e51284.jpg 27,31,168,108,3
concor1--23-_jpeg.rf.0a93d4d3aed6bef3c74e9bed07868fa2.jpg 401,70,589,145,3
concor1--22-_jpeg.rf.0f43bd43041b32f9bab3178bce910185.jpg 118,4,247,83,3
ator1--2-_jpeg.rf.0abb0e57dae41a4a0091cbb1a37d9a5d.jpg 88,44,215,102,2
ator1--12-_jpeg.rf.0fa8a46e99da61dfeb2ab0f0514ce59a.jpg 87,25,361,95,2
ator1--19-_jpeg.rf.0f45c5ae91217abe52944a5f13b209de.jpg 152,3,229,71,2
ator1--18-_jpeg.rf.13338c8227354ec5d83df691a497bd10.jpg 13,6,92,54,2
plavix--16-_jpeg.rf.09fd880d9587ea14c243320b8402456a.jpg 459,33,583,90,5
aspocid1--4-_jpeg.rf.1495653276d0b871158f9da51cbdf3e2.jpg 111,34,527,97,1
plavix--23-_jpeg.rf.11912b40a07e97613d330755a0b3b0f6.jpg 234,41,368,113,5
concor1--23-_jpeg.rf.13b7bd8b6db0614a66b31614df0bf5de.jpg 7,15,195,90,3
ator1--23-_jpeg.rf.11661cca60d10af6959108a1c3930df1.jpg 1,1,139,77,2
aspocid-22--6-_jpeg.rf.1222167e5ef1b3a2a69af7e862e2dc1f.jpg 209,45,698,164,0
plavix--12-_jpeg.rf.124187fbd714a171a18d537f3fffd8b0.jpg 400,68,743,151,5
aspocid1--3-_jpeg.rf.187182a64804114063fa6350fe2978f6.jpg 70,55,497,171,0
concor1--22-_jpeg.rf.15389c965a339ce49622be3c35ee7e90.jpg 118,4,247,83,3
aspocid-test-image_jpeg.rf.18ac2dc982bb78a9f4aad128d88588de.jpg 107,31,523,100,1
ator1--18-_jpeg.rf.14ec2d206338058660e15e27d0e7c6b7.jpg 114,26,193,74,2
plavix--7-_jpeg.rf.1033161337354c9cd542603b9ecf3b83.jpg 128,15,278,109,5
concor1--25-_jpeg.rf.08d5a50c37f64e361030a58b1d1486a8.jpg 54,37,192,111,3
whole_presc-1--21-_jpeg.rf.1b98975e247ea44db346fa73e1ae5833.jpg 446,391,556,454,5 471,299,571,356,1 412,207,559,265,4 450,127,552,174,3
nitromak-1--31-_jpeg.rf.1605d74991758dd00801dc8522a70948.jpg 409,99,668,182,4
plavix--15-_jpeg.rf.25df48de91b384e8d5373f75a4bc198a.jpg 65,15,179,62,5
ator1--13-_jpeg.rf.1da3cfc45c79c1afe7d258d629793653.jpg 354,49,536,113,2
plavix--3-_jpeg.rf.13ebd3edbed6ed75cdf090cc311809ac.jpg 231,7,398,81,5
whole_presc-1--19-_jpeg.rf.23a3ae358c51a5723577d2d51992668d.jpg 20,238,164,282,5 13,296,220,356,1 16,357,127,408,2 15,403,168,451,4 17,444,190,504,3
concor1--19-_jpeg.rf.1ef289287b00157ba26b788a38e69c8b.jpg 27,31,168,108,3
whole_presc-1--8-_jpeg.rf.175b4610f62cc47d9b04cf26e150165e.jpg 147,189,445,277,4 105,821,491,943,0 261,649,511,747,5 247,483,497,597,2 295,313,509,403,3
plavix--3-_jpeg.rf.2464b7a84d2742b31d66441e24900293.jpg 231,7,398,81,5
plavix--7-_jpeg.rf.13881f5921a714f611d3bbe8dc8efa8c.jpg 128,15,278,109,5
nitromak-1--22-_jpeg.rf.2825bd44ee8c9eb87bafdb21cb41ad8e.jpg 33,0,257,86,4
whole_presc-1--28-_jpeg.rf.1f0f4c1073b71e3da3ce775bb1b1ada2.jpg 431,217,633,297,3 509,857,715,941,5 425,675,647,755,1 449,527,655,611,2 315,371,643,451,4
nitromak-1--9-_jpeg.rf.2406b8de054db9efc707fb2c7004b25c.jpg 67,0,297,80,4
nitromak-1--28-_jpeg.rf.101f4909a9d9c60e63a2fe77a93fbb20.jpg 6,11,235,69,4
plavix--17-_jpeg.rf.1c3e23a4b2a3e383b038eed8960defe8.jpg 164,51,312,124,5
nitromak-1--31-_jpeg.rf.2736bd53120fac232caf41a6af28f332.jpg 99,8,358,91,4
aspocid1--17-_jpeg.rf.29dfaab010c117784330a79e36ee216f.jpg 93,3,356,49,1
whole_presc-1--8-_jpeg.rf.1fb8d591fd86b06f5ccdafaa63cc37d5.jpg 405,991,703,1079,4 359,325,745,447,0 339,521,589,619,5 353,671,603,785,2 341,865,555,955,3
ator1--9-_jpeg.rf.28fad288acc787e40aa5d455b7ad4c22.jpg 26,15,196,98,2
aspocid-test-image_jpeg.rf.2a30d0be78cef3bef8fe9e7ff1114020.jpg 107,31,523,100,1
plavix--15-_jpeg.rf.296554d5db3b46582edc3c56f962d173.jpg 440,34,554,81,5
plavix--8-_jpeg.rf.29021a1df5cee4438580529c2eb3bb78.jpg 57,2,167,66,5
nitromak-1--27-_jpeg.rf.29daa52f90bde584211db1c2a787e709.jpg 206,30,365,85,4
nitromak-1--22-_jpeg.rf.29f8140a79cfe39aad574ceed03cd11a.jpg 117,4,342,89,4
nitromak-1--8-_jpeg.rf.2cf359d179dba4410fb602d8e03c70aa.jpg 293,9,484,87,4
ator1--24-_jpeg.rf.2abc5bed519d950f529ba1a1162718d5.jpg 0,2,132,76,2
concor1--13-_jpeg.rf.2fb3c07386d222713b98b166adbb6b11.jpg 201,29,341,88,3
ator1--3-_jpeg.rf.2c3deabdec162584585cf4310fa7222c.jpg 257,26,429,102,2
whole_presc-1--16-_jpeg.rf.209a2dec39257366bab2cf05521fd973.jpg 97,1004,347,1089,4 153,313,353,454,1 133,499,307,620,5 115,684,315,784,2 121,846,268,958,3
concor1--20-_jpeg.rf.3111e5e9947abab2b5c2560d5d605d1c.jpg 35,31,214,116,3
concor1--15-_jpeg.rf.337443cea8099f99ff1ce7ea399cb28e.jpg 0,33,145,81,3
whole_presc-1--31-_jpeg.rf.335a6f139101e964adae83d8bf0a2d05.jpg 143,579,369,646,0 246,468,376,538,5 246,339,390,408,2 239,231,400,291,4 270,124,396,195,3
concor1--12-_jpeg.rf.2d91cda97cee57b423c9cc0610e3407c.jpg 259,27,387,90,3
concor1--28-_jpeg.rf.2afec670f4c62b5dba729538df37f848.jpg 32,19,235,104,3
concor1--3-_jpeg.rf.3ad43a31f299010d5155b14300ec26a2.jpg 42,13,178,64,3
nitromak-1--21-_jpeg.rf.33e0437c85749e84ed237acc473adbd3.jpg 13,4,236,71,4
concor1--12-_jpeg.rf.40315f68f15de186051be17b8d54e131.jpg 2,7,130,70,3
ator1--25-_jpeg.rf.3d20faa578de9c0f36f3a7e3a6fb4e3a.jpg 10,3,185,75,2
ator1--10-_jpeg.rf.390f7d045a1d3d5620a1fdfee958c570.jpg 0,33,180,108,2
nitromak-1--27-_jpeg.rf.4146ba19a6eedf4fd83df5c7205a8263.jpg 206,30,365,85,4
nitromak-1--15-_jpeg.rf.3f84fcad4f886ee8ef57b3926633d12c.jpg 7,3,159,39,4
aspocid1--1-_jpeg.rf.408e795f6817d94870d1f8a56ceac1f7.jpg 249,26,578,98,1
concor1--3-_jpeg.rf.460a3c6924dcb52dd17c5134ddd71a0b.jpg 12,30,148,81,3
concor1--18-_jpeg.rf.41031383698bdf58b5b1c4eae637d6ce.jpg 50,4,147,44,3
nitromak-1--3-_jpeg.rf.4291c24574972053bac68bb70069d216.jpg 286,76,492,133,4
concor1--20-_jpeg.rf.43f36488bcee3bcb67d05b13befec430.jpg 35,31,214,116,3
plavix--12-_jpeg.rf.419a4986b1a7df0c74dfddfa95bcd21b.jpg 400,68,743,151,5
nitromak-1--19-_jpeg.rf.354c1bd2f4f668a5bf6fbc0e489fdefe.jpg 87,28,261,82,4
plavix--24-_jpeg.rf.2fea04862c65978410d3a4ab59a375d5.jpg 156,26,516,169,5
plavix--17-_jpeg.rf.37228fa863b9ce0bbbd91a23ec3c3bb8.jpg 352,18,500,91,5
ator1--10-_jpeg.rf.479d7b78a6d27e93b867ae61f59a41aa.jpg 54,13,233,89,2
whole_presc-1--3-_jpeg.rf.4790e0176141daae19af3a294d69d32b.jpg 179,143,432,245,5 163,322,436,407,1 170,458,382,545,2 179,635,464,732,4 232,888,449,1016,3
aspocid-22--6-_jpeg.rf.4ad0642182ab192eae52aa41b5b01da3.jpg 52,9,541,128,0
nitromak-1--19-_jpeg.rf.3138c574d47a85ad45af71352f524c46.jpg 87,28,261,82,4
aspocid1--14-_jpeg.rf.47ef28290d84e2932732be8f1e3e5fce.jpg 204,12,418,67,1
aspocid1--14-_jpeg.rf.4ea148770706d67d3cf061a78beaf3b6.jpg 27,11,241,66,1
concor1--20-_jpeg.rf.4c403f68b9aa85761c38a74a9b54f018.jpg 63,12,242,97,3
ator1--6-_jpeg.rf.50a6b59b342148037975c6b69f7304cf.jpg 142,8,268,83,2
plavix--8-_jpeg.rf.40583c539664c7779c66223f10cedf40.jpg 57,2,167,66,5
concor1--12-_jpeg.rf.48a4e91f348b80e428d9817f0460905b.jpg 2,7,130,70,3
plavix--20-_jpeg.rf.48d3a752e5f554c51300bb89b3fae543.jpg 175,0,380,106,5
whole_presc-1--20-_jpeg.rf.51e9e28dea267f0799c0339ddb0345b7.jpg 48,267,261,334,5 48,349,266,418,1 21,431,155,507,2 16,509,234,567,4 25,581,220,631,3
nitromak-1--14-_jpeg.rf.4acd59f85268ea1e8f5825ec1ff7da6b.jpg 25,1,241,79,4
aspocid-22--5-_jpeg.rf.4fe58e5f725309ee4272e79e8550c1ec.jpg 90,34,346,104,0
ator1--15-_jpeg.rf.517e3f448722ea524cd6271390b2a278.jpg 229,70,438,160,2
plavix--21-_jpeg.rf.52aa451befd84885f8f8ccf78dd8f092.jpg 59,2,267,98,5
ator1--11-_jpeg.rf.4cf9aea2209573ffcf489a208c38c305.jpg 382,84,638,165,2
aspocid-22--5-_jpeg.rf.4d505d5e8570562d8ab641ce81ad7cc8.jpg 68,4,324,74,0
aspocid1--7-_jpeg.rf.510ea91451061e13412ee9f9cabd3bf9.jpg 28,2,283,83,1
whole_presc-1--23-_jpeg.rf.550491708f9695d291da1517910eff1f.jpg 481,642,618,692,1 502,521,616,593,3 445,421,602,488,4 480,324,599,383,5
whole_presc-1--7-_jpeg.rf.3d726c91d4802ac29103585e1fa8eb82.jpg 327,1063,517,1136,2 239,408,444,483,5 284,553,516,638,1 324,712,579,800,4 307,910,500,995,3
plavix--25-_jpeg.rf.5331c606eaf3ae97362d3e893e8b59f1.jpg 173,12,415,98,5
whole_presc-1--5-_jpeg.rf.53648a4a9a3672bcc05a0e793bbec66c.jpg 465,748,602,836,5 450,677,600,744,1 512,592,619,665,2 473,534,620,592,4 498,442,633,512,3
aspocid-22--3-_jpeg.rf.542384ce47f0097552ab6de8fb518a28.jpg 163,32,540,127,1
concor1--17-_jpeg.rf.50bc654c648bce9847ca16b163675edc.jpg 17,10,216,77,3
nitromak-1--12-_jpeg.rf.5471a59f971d6e96d4fd33ade5e48018.jpg 278,45,504,116,4
plavix--9-_jpeg.rf.55545c172f6c4b3b0ca5f06669988780.jpg 339,27,437,81,5
ator1--27-_jpeg.rf.5230a7cc65736a8027cef5d58f0d98e2.jpg 204,0,332,76,2
plavix--7-_jpeg.rf.57a3c596141fbd83aaaa3f9f3820fda5.jpg 128,15,278,109,5
whole_presc-1--14-_jpeg.rf.58588d32428e5321321d003564eb10d3.jpg 307,295,485,391,5 347,437,713,527,0 345,593,575,681,3 335,739,565,819,2 341,905,623,985,4
whole_presc-1--22-_jpeg.rf.57cd14348b8aa4b1587c3c383304e550.jpg 437,728,670,827,5 396,599,660,697,1 483,498,673,581,2 349,395,663,475,4 489,266,675,352,3
whole_presc-1--20-_jpeg.rf.581711ec322cd2a30cb94a8a010cc00d.jpg 48,267,261,334,5 48,349,266,418,1 21,431,155,507,2 16,509,234,567,4 25,581,220,631,3
ator1--9-_jpeg.rf.571c24dbdef76cbebafcfe8bf97134d7.jpg 26,15,196,98,2
whole_presc-1--26-_jpeg.rf.58b771600e5af6deb7204d4e67d5e3f8.jpg 437,632,622,747,5 341,547,593,649,1 416,465,598,547,2 372,372,602,461,4 410,249,583,347,3
aspocid1--10-_jpeg.rf.5e77496c2edd9c1fec964f7999fb9e26.jpg 326,51,665,137,1
aspocid1--8-_jpeg.rf.58bbefc7db7c17d37c47200fb0875d77.jpg 155,33,563,100,1
concor1--1-_jpeg.rf.583b7a3d7a89484113aecc73f4adf89c.jpg 150,21,418,111,3
whole_presc-1--24-_jpeg.rf.5d4b446bc4726b1f93fb3ce4e983a7ba.jpg 410,734,563,832,5 366,596,561,679,1 391,496,568,561,2 329,368,576,451,4 420,240,580,321,3
aspocid1--13-_jpeg.rf.5afc8f7e9b476ba8d9b026dc6ddec744.jpg 5,10,176,69,1
aspocid1--7-_jpeg.rf.57d56a45d135289b5d0f5d8a78ced965.jpg 203,2,458,83,1
whole_presc-1--32-_jpeg.rf.5fe93e65fd3cd5c08d246a2c2a8f86d2.jpg 358,587,536,673,5 325,504,541,564,1 403,395,553,465,2 347,264,576,326,4 405,148,571,207,3
aspocid-22--4-_jpeg.rf.5e1580facf16d5aa212d7dc622970a00.jpg 128,47,540,126,1
ator1--6-_jpeg.rf.5f9648f3623cef5c06c578c9c3da397b.jpg 142,8,268,83,2
concor1--13-_jpeg.rf.63008fd0b84c581f3e46579aba87685e.jpg 201,29,341,88,3
ator1--27-_jpeg.rf.4b0518a1efd0693cdcd5ff5f75effd57.jpg 204,0,333,75,2
ator1--21-_jpeg.rf.5891c3afc4b3a46b749c4dd1d894211b.jpg 22,5,195,83,2
ator1--16-_jpeg.rf.6405afd6926bc47aa2b7846f261d36a5.jpg 18,4,185,73,2
aspocid1--12-_jpeg.rf.657d352f5dc2c288e3113d04bfd97443.jpg 141,1,543,94,1
ator1--12-_jpeg.rf.663dc0b52b1e7b4d7e5a89cc92b92e19.jpg 87,25,361,95,2
aspocid1--11-_jpeg.rf.62c0d343cf7f9dd1a08c1b36bef47130.jpg 132,7,518,107,1
aspocid1--15-_jpeg.rf.6f3b23b16a95ff042bf1eefa3550912a.jpg 59,36,263,88,1
whole_presc-1--23-_jpeg.rf.642c7d8e9be0159e02353f97f990d73b.jpg 86,236,223,286,1 88,335,202,407,3 102,440,259,507,4 105,545,224,604,5
nitromak-1--12-_jpeg.rf.60daa17e82df4da4aa3e2b41ac353181.jpg 278,45,504,116,4
aspocid1--19-_jpeg.rf.6a2b0e8a1a5272c8fb72efac6dc62280.jpg 167,27,624,131,1
concor1--17-_jpeg.rf.62c6030706743717632a8847b2c03064.jpg 33,0,231,68,3
whole_presc-1--21-_jpeg.rf.5f3cb144eb048ee0aaf2929c7c90d204.jpg 68,130,178,193,5 53,228,153,285,1 65,319,212,377,4 72,410,174,457,3
whole_presc-1--26-_jpeg.rf.6de1bc21576481e0b1c83d9256aa95a8.jpg 82,405,267,520,5 111,503,363,605,1 106,605,288,687,2 102,691,332,780,4 121,805,294,903,3
aspocid1--6-_jpeg.rf.68b377f8bec32b192f451fce8ab4b459.jpg 43,5,342,71,1
nitromak-1--31-_jpeg.rf.5e4c42525c15845eb06a4a2a6ffe9aa2.jpg 99,8,358,91,4
plavix--2-_jpeg.rf.70ca54b36133967311de7577863d7107.jpg 135,12,256,92,5
ator1--6-_jpeg.rf.6f3c778f83bc9dbe6af86e1a37704ae3.jpg 12,8,138,83,2
concor1--7-_jpeg.rf.6769882324807c538b06c5350090862b.jpg 135,3,227,53,3
concor1--6-_jpeg.rf.6f7e1f5ad99189cad3c8c57d4d8efbe8.jpg 55,7,168,69,3
plavix--23-_jpeg.rf.732985eb0f1515420ed664011a851547.jpg 234,41,368,113,5
aspocid1--9-_jpeg.rf.738272ed0f9e3db9188b49550d9d027d.jpg 140,28,611,138,0
plavix--12-_jpeg.rf.69b27c5606ea9fbe2d6e628b64612fb6.jpg 400,68,743,151,5
whole_presc-1--28-_jpeg.rf.70534e30cfd22bf1930b970c6a37ed30.jpg 263,983,465,1063,3 181,339,387,423,5 249,525,471,605,1 241,669,447,753,2 253,829,581,909,4
ator1--16-_jpeg.rf.6a913ce1ad2d9f522688f5ca6f4a032e.jpg 238,43,405,112,2
ator1--7-_jpeg.rf.70c2d3ba55dbec0b940d0b47230f36ef.jpg 6,4,154,63,2
nitromak-1--29-_jpeg.rf.6f427bc028fe91cc96a09219a5a78121.jpg 61,12,450,133,4
ator1--15-_jpeg.rf.74466f5085b0ffb0e3afc333eac1a449.jpg 229,70,438,160,2
aspocid1--3-_jpeg.rf.7a9d666f84f52661a07abd37701b7481.jpg 340,22,767,138,0
aspocid1--16-_jpeg.rf.7e62b3e3ecba28e1600fd3697ce97925.jpg 104,6,555,96,1
whole_presc-1--24-_jpeg.rf.74c2428810ded16b1626ec84b96dc296.jpg 410,734,563,832,5 366,596,561,679,1 391,496,568,561,2 329,368,576,451,4 420,240,580,321,3
whole_presc-1--5-_jpeg.rf.79db84eb3e8aa3b28a90381d2688b7fc.jpg 465,748,602,836,5 450,677,600,744,1 512,592,619,665,2 473,534,620,592,4 498,442,633,512,3
plavix--17-_jpeg.rf.7a8a2b463701efb13d5aeb4f5cd918d6.jpg 352,18,500,91,5
whole_presc-1--22-_jpeg.rf.7583067d42c217c2fb6be93fa7a756d2.jpg 98,229,331,328,5 108,359,372,457,1 95,475,285,558,2 105,581,419,661,4 93,704,279,790,3
nitromak-1--21-_jpeg.rf.750fec28b57ea87fdbdbbb98a5f4eece.jpg 13,4,236,71,4
concor1--6-_jpeg.rf.7cbba8987325e9d9c7a42be2b00e2391.jpg 134,22,247,84,3
ator1--5-_jpeg.rf.74daf357c0175527022820b059701d6f.jpg 29,8,159,82,2
ator1--14-_jpeg.rf.7fd44c5ca81a6ebc58b970128a6aaaeb.jpg 61,4,246,87,2
nitromak-1--19-_jpeg.rf.7683e613c79dfe65318047ad07361c5b.jpg 55,0,228,55,4
ator1--13-_jpeg.rf.70b4cd13760092c1bac699b855421836.jpg 354,49,536,113,2
aspocid1--7-_jpeg.rf.75ca89e2ffcaa2faa4dd8c28075af155.jpg 28,2,283,83,1
nitromak-1--13-_jpeg.rf.7b118af5ccc8576f5cd30ade432f84e6.jpg 143,40,363,117,4
whole_presc-1--31-_jpeg.rf.81015500c7dbf94e92f52701a339778d.jpg 143,579,369,646,0 246,468,376,538,5 246,339,390,408,2 239,231,400,291,4 270,124,396,195,3
whole_presc-1--16-_jpeg.rf.80b19f651e90b2f5033f820149f507ea.jpg 97,1004,347,1089,4 153,313,353,454,1 133,499,307,620,5 115,684,315,784,2 121,846,268,958,3
whole_presc-1--16-_jpeg.rf.81018deca885174023d52a02a0ec256a.jpg 97,1004,347,1089,4 153,313,353,454,1 133,499,307,620,5 115,684,315,784,2 121,846,268,958,3
ator1--18-_jpeg.rf.79ab56f49c4a1d5f2bb6cc0a920b33b5.jpg 13,6,92,54,2
concor1--3-_jpeg.rf.74f22a323bdfb1fdb7012ca15fdda325.jpg 42,13,178,64,3
ator1--23-_jpeg.rf.7c98eb939c1c1df640d3bba550416b86.jpg 156,32,294,108,2
aspocid1--17-_jpeg.rf.764d4d1da97f6f20196748c1f74e235f.jpg 313,58,576,104,1
whole_presc-1--1-_jpeg.rf.80aa625004cced6122a8654a0102f10a.jpg 487,201,777,355,2 253,938,736,1070,0 415,785,732,915,5 450,636,727,743,3 334,447,786,575,4
aspocid1--9-_jpeg.rf.880407f6f8b6c588920535350447987e.jpg 140,28,611,138,0
nitromak-1--14-_jpeg.rf.8682b632abb94c3bec389dfc83fc123f.jpg 9,9,225,87,4
ator1--8-_jpeg.rf.7a8c9d5ace85479f4fa2fffd222bff43.jpg 47,1,349,136,2
whole_presc-1--7-_jpeg.rf.708634b15b06498600d08e4268a33dc7.jpg 314,133,504,206,2 387,786,592,861,5 315,631,547,716,1 252,469,507,557,4 331,274,524,359,3
plavix--13-_jpeg.rf.89b525a82866335ac2525792c93705ab.jpg 371,22,570,110,5
ator1--11-_jpeg.rf.83131a50a2cd20f2f741e41c1659be36.jpg 148,22,404,103,2
aspocid1--11-_jpeg.rf.8b5ba8c3e079e8313cb1952a1ac0b9be.jpg 132,7,518,107,1
whole_presc-1--6-_jpeg.rf.824c68d007296d1dc947d38ecec2cfa4.jpg 281,410,596,475,0 264,507,429,577,5 262,605,395,662,2 296,702,543,757,4 182,848,327,896,3
whole_presc-1--27-_jpeg.rf.88cd647f18a94c905f7ba7d94a5b583a.jpg 414,659,594,757,5 377,589,572,672,1 421,522,599,593,2 299,469,519,530,4 409,363,555,436,3
aspocid1--11-_jpeg.rf.8da221ad1c5abfa1d7ea5a7fd5b7cf6e.jpg 283,53,669,153,1
ator1--25-_jpeg.rf.8a8620073e6df3cadd5835d8a1187c6e.jpg 328,20,503,92,2
concor1--25-_jpeg.rf.8ae067bdb5adaf6b1609db25175c856a.jpg 107,24,245,98,3
ator1--29-_jpeg.rf.8eb14783e5da579e2a86749078f3b6a7.jpg 308,37,433,99,2
aspocid1--16-_jpeg.rf.88d2f019b94bb724743d42f2c230d492.jpg 200,22,651,112,1
ator1--9-_jpeg.rf.93216d10ad17aab1fc582bf474d2a20a.jpg 26,15,196,98,2
nitromak-1--3-_jpeg.rf.943a8f2d9ef899da1d23aad23a3ed918.jpg 55,20,261,77,4
whole_presc-1--26-_jpeg.rf.8d4df39524194869d7d1006b0efd0445.jpg 437,632,622,747,5 341,547,593,649,1 416,465,598,547,2 372,372,602,461,4 410,249,583,347,3
plavix--9-_jpeg.rf.8b77a469b9a4ec204e853be709dd3a30.jpg 339,27,437,81,5
plavix--20-_jpeg.rf.908f8e8b33f8b2eca2eef2dbd4dac5e5.jpg 175,0,380,106,5
concor1--13-_jpeg.rf.90062e6200a70957932521b72715b06a.jpg 3,12,143,71,3
plavix--20-_jpeg.rf.8f685e0b9f93afe49a4638d9798c7edf.jpg 175,0,380,106,5
ator1--24-_jpeg.rf.84b3f2a0acccacfd0d700a821931f946.jpg 0,2,132,76,2
concor1--15-_jpeg.rf.8f6b0b04b0a61123d57d4e8459634342.jpg 0,33,145,81,3
plavix--25-_jpeg.rf.8b6494a9a5ce8245472579335cb29290.jpg 618,73,860,159,5
plavix--3-_jpeg.rf.97c9a6cd70545680a6d1dabe19047676.jpg 231,7,398,81,5
nitromak-1--6-_jpeg.rf.93f669274bd996899dc89269a907cbf7.jpg 29,19,212,83,4
nitromak-1--6-_jpeg.rf.902791e8fbbffd91b264fbae729d6047.jpg 373,17,556,81,4
whole_presc-1--3-_jpeg.rf.959603a8d0b021cfacd8acde0e552b34.jpg 179,143,432,245,5 163,322,436,407,1 170,458,382,545,2 179,635,464,732,4 232,888,449,1016,3
ator1--15-_jpeg.rf.898daa6a3017a6401bd4bc6b320388ee.jpg 40,10,249,100,2
concor1--2-_jpeg.rf.989fbda8cea64acb30d92ae64acc2172.jpg 21,7,138,52,3
aspocid-test-image_jpeg.rf.939623da7d9fd5e28f6ca9df6b44d5a4.jpg 101,22,517,91,1
aspocid1--10-_jpeg.rf.9445b901ccbb9997855a3dc80baa2bfb.jpg 136,5,475,91,1
nitromak-1--15-_jpeg.rf.9b4ee9090aae5796ca49c977323410c6.jpg 7,3,159,39,4
aspocid1--9-_jpeg.rf.98dbb374a8ecb5641886f237794b7a24.jpg 69,50,540,160,0
plavix--16-_jpeg.rf.9fb1524e7684cdb695c531122331e5a2.jpg 110,20,234,77,5
whole_presc-1--6-_jpeg.rf.931e312a9d8a3facb07009db6b084405.jpg 236,805,551,870,0 403,703,568,773,5 437,618,570,675,2 289,523,536,578,4 505,384,650,432,3
whole_presc-1--14-_jpeg.rf.9a43dc96b2ba8f81d1f4fa776b4d7496.jpg 398,877,576,973,5 170,741,536,831,0 308,587,538,675,3 318,449,548,529,2 260,283,542,363,4
aspocid1--12-_jpeg.rf.9bb5577a70bbb61f94e368ca85f89e4c.jpg 141,1,543,94,1
plavix--2-_jpeg.rf.9e28bf604f73edfa16bad4884c761bbe.jpg 135,12,256,92,5
aspocid1--3-_jpeg.rf.a2683527b2db028c02538f439a58337f.jpg 70,55,497,171,0
ator1--8-_jpeg.rf.a1ca508dabce4665723f45d81e3e31e4.jpg 47,1,349,136,2
nitromak-1--11-_jpeg.rf.a2a69f58fd74384f3a0dbd2aad1ddad4.jpg 84,4,296,69,4
aspocid1--5-_jpeg.rf.a58cd6ecb0bd14158de55b8217df036b.jpg 260,0,557,86,0
aspocid1--13-_jpeg.rf.a02c0b89f8db67f7bf4151b240d08c88.jpg 5,10,176,69,1
whole_presc-1--32-_jpeg.rf.9ef1a4078060354d3a5b05c80e325e17.jpg 358,587,536,673,5 325,504,541,564,1 403,395,553,465,2 347,264,576,326,4 405,148,571,207,3
whole_presc-1--28-_jpeg.rf.9918bcb7691ab4c2a5d3dc6d98b74e0c.jpg 263,983,465,1063,3 181,339,387,423,5 249,525,471,605,1 241,669,447,753,2 253,829,581,909,4
plavix--13-_jpeg.rf.9ee02d65f0ba755b7265d22df1cc20b2.jpg 371,22,570,110,5
aspocid-22--6-_jpeg.rf.9a3caa7bfd11a339e94e4d4f12694c88.jpg 209,45,698,164,0
whole_presc-1--11-_jpeg.rf.a26a03d0fc1307c86519b30185ba4bb2.jpg 59,113,203,184,5 33,192,165,252,1 36,259,119,313,2 34,341,198,399,4 29,420,160,477,3
plavix--9-_jpeg.rf.a8e3f122324f71223eb4d58da56395dc.jpg 339,27,437,81,5
aspocid1--5-_jpeg.rf.a3397816a76bfae14c55155b33d82ba8.jpg 21,20,319,105,0
plavix--21-_jpeg.rf.9e28b1336204cbd1ee389c297058cfe7.jpg 579,31,787,127,5
concor1--27-_jpeg.rf.a52285ac80e77421a828ed4c8313a7bc.jpg 13,4,276,89,3
aspocid1--16-_jpeg.rf.9ff94a7fd955391231e1a24cae4a411b.jpg 200,22,651,112,1
whole_presc-1--11-_jpeg.rf.a3903775261343ada2c5bccd39e340eb.jpg 59,113,203,184,5 33,192,165,252,1 36,259,119,313,2 34,341,198,399,4 29,420,160,477,3
concor1--7-_jpeg.rf.a808b14410e09790d3a4cb24425e9ee1.jpg 135,3,227,53,3
concor1--15-_jpeg.rf.9c985f2da4eeab527fb51a5aaae43bbb.jpg 0,33,145,81,3
nitromak-1--29-_jpeg.rf.a694382f2f83ac5f9001f2fe0b76289a.jpg 61,12,450,133,4
concor1--28-_jpeg.rf.a756fda225d3c5fa5f7d1d70f86fef3c.jpg 32,19,235,104,3
concor1--24-_jpeg.rf.a9b8fb71f10b4d88672270fdb23e6a33.jpg 523,55,670,115,3
nitromak-1--18-_jpeg.rf.a599559a4785213ff49a0226f91dbfba.jpg 86,11,392,87,4
nitromak-1--28-_jpeg.rf.aaac88dfae259730f3186470bfa8f1d4.jpg 6,11,235,69,4
whole_presc-1--27-_jpeg.rf.a6330ef5927a69c8ac991701f437cc72.jpg 414,659,594,757,5 377,589,572,672,1 421,522,599,593,2 299,469,519,530,4 409,363,555,436,3